[variable_params]


[static_params]
;inject GR0s with SNR=100
approximant = TdQNMfromFinalMassSpin
harmonics = spheroidal
final_mass = 56
final_spin = 0.11
amp220 = 1.5
phi220 = 1.0
amp221 = 0.60
phi221 = 3.2
delta_f221 = 0.37860735
delta_tau221 = 1.81729322
inclination = 2.5862957111689306
polarization = 3.364869008349428
toffset = 0.001
distance = 99.77370151295432
f_lower = 20
tc = 1126259462.4083147
lmns = 222
t_final = 2
ra = 2.242743237442093
dec = -1.2242535126007028
