[variable_params]


[static_params]
;inject GR0s with SNR=100
approximant = TdQNMfromFinalMassSpin
harmonics = spheroidal
final_mass = 58
final_spin = 0.14
amp220 = 1.1
phi220 = 0.93
amp221 = 0.74
phi221 = 3.8
delta_f221 = 0.30013217
delta_tau221 = 1.87092034
inclination = 2.5862957111689306
polarization = 3.364869008349428
toffset = 0.001
distance = 75.7796034878082
f_lower = 20
tc = 1126259462.4083147
lmns = 222
t_final = 2
ra = 2.242743237442093
dec = -1.2242535126007028
