[variable_params]


[static_params]
;inject scalar
approximant = TdQNMfromFinalMassSpin
harmonics = spheroidal
final_mass = 57.484939215651494
final_spin = 0.24269917512064776
amp220 = 1.2430311890518937
phi220 = 0.052114315325276106
amp221 = 0.5663816278411034
phi221 = 2.7288026738473485
delta_f221 = 0.28669265
delta_tau221 = 1.78202382
inclination = 3.14159265
polarization = 0.82
toffset = 0
distance = 997
f_lower = 20
tc = 1126259462.4083147
lmns = 222
t_final = 2
ra = 1.95
dec = -1.27
