[variable_params]


[static_params]
approximant = TdQNMfromFinalMassSpin
harmonics = spheroidal
final_mass = 70
final_spin = 0.6
amp220 = 0.05
phi220 = 2
amp221 = 0.42
phi221 = 2.3
;inject scalar 220 mode
delta_f221 = 0.28669265
delta_tau221 = 1.78202382
inclination = 0.26
polarization = 0.5
toffset = 0.002
distance = 99
f_lower = 20
f_ref = 20
tc = 1126259462.420
lmns = 222
t_final = 2
ra = 1.34
dec = 1.1
